// Auto-generated LUT (press distance vs ADC)
#include <stdint.h>

static const uint32_t LUT_COUNT = 671u;
static const float LUT_START_ADC = 2180.000000f;
static const float LUT_END_ADC = 2850.000000f;
static const float LUT_STEP_ADC = 1.000000f;
static const float LUT_ZERO_REAL_MM = 16.795752f;
static const float LUT_ZERO_ADC = 2180.000000f;

static const uint32_t lut_values[LUT_COUNT] = {
    0, 20, 40, 59, 79, 98, 118, 137, 156, 174, 193, 212
    230, 248, 266, 284, 302, 320, 338, 355, 372, 390, 407, 424
    440, 457, 474, 490, 507, 523, 539, 555, 571, 586, 602, 618
    633, 648, 664, 679, 694, 709, 723, 738, 753, 767, 781, 796
    810, 824, 838, 852, 865, 879, 893, 906, 919, 933, 946, 959
    972, 985, 998, 1010, 1023, 1036, 1048, 1061, 1073, 1085, 1097, 1109
    1121, 1133, 1145, 1157, 1168, 1180, 1192, 1203, 1214, 1226, 1237, 1248
    1259, 1270, 1281, 1292, 1303, 1313, 1324, 1335, 1345, 1356, 1366, 1376
    1386, 1397, 1407, 1417, 1427, 1437, 1447, 1456, 1466, 1476, 1485, 1495
    1505, 1514, 1523, 1533, 1542, 1551, 1560, 1569, 1579, 1588, 1597, 1605
    1614, 1623, 1632, 1640, 1649, 1658, 1666, 1675, 1683, 1692, 1700, 1708
    1717, 1725, 1733, 1741, 1749, 1757, 1765, 1773, 1781, 1789, 1797, 1804
    1812, 1820, 1828, 1835, 1843, 1850, 1858, 1865, 1873, 1880, 1887, 1895
    1902, 1909, 1916, 1923, 1931, 1938, 1945, 1952, 1959, 1966, 1973, 1979
    1986, 1993, 2000, 2007, 2013, 2020, 2027, 2033, 2040, 2046, 2053, 2059
    2066, 2072, 2079, 2085, 2091, 2098, 2104, 2110, 2116, 2123, 2129, 2135
    2141, 2147, 2153, 2159, 2165, 2171, 2177, 2183, 2189, 2195, 2201, 2207
    2212, 2218, 2224, 2230, 2235, 2241, 2247, 2252, 2258, 2264, 2269, 2275
    2280, 2286, 2291, 2297, 2302, 2308, 2313, 2318, 2324, 2329, 2334, 2340
    2345, 2350, 2355, 2361, 2366, 2371, 2376, 2381, 2386, 2392, 2397, 2402
    2407, 2412, 2417, 2422, 2427, 2432, 2437, 2442, 2446, 2451, 2456, 2461
    2466, 2471, 2475, 2480, 2485, 2490, 2494, 2499, 2504, 2509, 2513, 2518
    2522, 2527, 2532, 2536, 2541, 2545, 2550, 2554, 2559, 2563, 2568, 2572
    2577, 2581, 2586, 2590, 2594, 2599, 2603, 2608, 2612, 2616, 2621, 2625
    2629, 2633, 2638, 2642, 2646, 2650, 2654, 2659, 2663, 2667, 2671, 2675
    2679, 2683, 2688, 2692, 2696, 2700, 2704, 2708, 2712, 2716, 2720, 2724
    2728, 2732, 2736, 2740, 2743, 2747, 2751, 2755, 2759, 2763, 2767, 2771
    2774, 2778, 2782, 2786, 2790, 2793, 2797, 2801, 2804, 2808, 2812, 2816
    2819, 2823, 2827, 2830, 2834, 2838, 2841, 2845, 2848, 2852, 2856, 2859
    2863, 2866, 2870, 2873, 2877, 2880, 2884, 2887, 2891, 2894, 2898, 2901
    2904, 2908, 2911, 2915, 2918, 2921, 2925, 2928, 2932, 2935, 2938, 2942
    2945, 2948, 2951, 2955, 2958, 2961, 2965, 2968, 2971, 2974, 2977, 2981
    2984, 2987, 2990, 2993, 2997, 3000, 3003, 3006, 3009, 3012, 3015, 3018
    3022, 3025, 3028, 3031, 3034, 3037, 3040, 3043, 3046, 3049, 3052, 3055
    3058, 3061, 3064, 3067, 3070, 3073, 3076, 3079, 3082, 3085, 3087, 3090
    3093, 3096, 3099, 3102, 3105, 3108, 3110, 3113, 3116, 3119, 3122, 3125
    3127, 3130, 3133, 3136, 3139, 3141, 3144, 3147, 3150, 3152, 3155, 3158
    3161, 3163, 3166, 3169, 3171, 3174, 3177, 3179, 3182, 3185, 3187, 3190
    3193, 3195, 3198, 3201, 3203, 3206, 3208, 3211, 3214, 3216, 3219, 3221
    3224, 3226, 3229, 3232, 3234, 3237, 3239, 3242, 3244, 3247, 3249, 3252
    3254, 3257, 3259, 3262, 3264, 3267, 3269, 3272, 3274, 3277, 3279, 3281
    3284, 3286, 3289, 3291, 3294, 3296, 3298, 3301, 3303, 3306, 3308, 3310
    3313, 3315, 3318, 3320, 3322, 3325, 3327, 3329, 3332, 3334, 3336, 3339
    3341, 3343, 3346, 3348, 3350, 3353, 3355, 3357, 3360, 3362, 3364, 3366
    3369, 3371, 3373, 3376, 3378, 3380, 3382, 3385, 3387, 3389, 3391, 3394
    3396, 3398, 3400, 3403, 3405, 3407, 3409, 3411, 3414, 3416, 3418, 3420
    3422, 3425, 3427, 3429, 3431, 3433, 3436, 3438, 3440, 3442, 3444, 3446
    3449, 3451, 3453, 3455, 3457, 3459, 3461, 3464, 3466, 3468, 3470, 3472
    3474, 3476, 3478, 3481, 3483, 3485, 3487, 3489, 3491, 3493, 3495, 3497
    3499, 3501, 3503, 3506, 3508, 3510, 3512, 3514, 3516, 3518, 3520, 3522
    3524, 3526, 3528, 3530, 3532, 3534, 3536, 3538, 3540, 3542, 3544, 3546
    3548, 3550, 3552, 3554, 3556, 3558, 3560, 3561, 3563, 3565, 3567, 3569
    3571, 3573, 3575, 3577, 3579, 3580, 3582, 3584, 3586, 3588, 3590, 3592
    3593, 3595, 3597, 3599, 3601, 3602, 3604, 3606, 3608, 3610, 3611, 3613
    3615, 3616, 3618, 3620, 3622, 3623, 3625, 3627, 3628, 3630, 3632, 3633
    3635, 3636, 3638, 3640, 3641, 3643, 3644, 3646, 3647, 3649, 3650
};

// Press distance conversion:
// press_distance_mm = LUT_ZERO_REAL_MM - real_distance_mm
